+----+---------+-------------+----------+-------+-------+----------+
| id | ODIOPAP | ODIOPTARGET | AMSLEROD | ODVF1 | alert | oriented |
+----+---------+-------------+----------+-------+-------+----------+
|  1 | 14      | 21          |        0 |     0 | 1     | 1        |
|  2 | 16      | 21          |        0 |     0 | 1     | 1        |
|  3 | 17      | 16          |        0 |     0 | 1     | 1        |
|  4 | 13      | 21          |        0 |     0 | 1     | 1        |
|  5 | 15      | 21          |        0 |     0 | 1     | 1        |
|  6 | 16      | 21          |        0 |     0 | 1     | 1        |
|  7 | 14      | 21          |        0 |     0 | 1     | 1        |
|  8 | 13      | 21          |        0 |     0 | 1     | 1        |
+----+---------+-------------+----------+-------+-------+----------+
